64460
55130
59265
60220
55400
54610
25320
25440
44170
20240
02300
60430
25340
80100
80132
91150
54800
60480
25310
34290
70300
64160
39500
39600
39800
39110
39120
29870
64150
37160
64390
24300
62153
80320
62116
51240
95450
78660
14600
94480
42380
54115
57920
70500
57590
74360
28570
64360
57560
03200
05460
59215
16500
33230
25250
89460
07160
64490
57340
57410
67204
18250
78260
77760
02800
80560
80210
62320
70180
62217
62121
58110
60690
35690
27800
27570
62144
14220
50440
27400
62380
02200
60620
08300
57580
78113
25360
25530
67320
65260
65100
57380
70200
65240
79200
34230
88270
45230
86430
94390
20167
19260
69170
54740
31230
83700
34300
34210
47000
12630
21700
80370
80150
52340
21410
20270
54770
47350
47800
43100
50180
60600
62161
02340
62690
80290
05250
38150
64400
50230
24460
34190
03210
17350
65400
16110
17500
12520
02190
81470
14400
64220
64210
88500
53940
23150
21121
59149
25750
64120
79230
30700
08090
27120
04510
06910
32290
21510
72650
14710
31550
16190
51150
79370
16140
31280
17290
44140
30350
52400
78240
89800
73610
73220
73260
81200
63260
69790
09000
30220
09600
11800
30670
30760
43000
05470
47190
83630
36140
05340
07200
89110
33124
42130
70110
10200
70320
52700
72600
73340
27600
80690
55300
80250
80470
30470
73210
04000
03360
18200
95510
55110
54460
88140
52230
64130
64250
70800
88320
80270
14370
08190
40800
62120
50680
62180
11320
79600
21110
21400
85450
02110
21390
89390
20244
19200
59310
26150
62650
62170
10160
13090
13100
13898
63980
73100
62160
87700
07530
52120
36150
80240
80200
16700
02820
85190
27500
02370
11300
20000
20090
20900
23380
24210
27410
07000
11240
02240
70210
11290
25330
31420
20212
07400
81250
48310
48200
11360
46140
67220
82290
73410
15300
80300
20224
73200
57670
81000
81990
31460
46500
82350
11330
09310
73300
19190
69250
81240
04550
20128
07190
26140
07440
19380
74540
64470
64430
62850
61000
66200
30100
11580
09320
74290
53240
26770
94140
20220
68600
57440
39270
08310
62142
21150
07210
20230
69380
26300
27460
54170
28310
28500
45480
56350
54112
26780
15160
08130
88110
17150
24220
19240
13190
30500
43270
13980
51260
24600
02320
51120
38114
80530
48190
25490
59251
67310
21230
71350
71380
24480
15100
38580
26400
43150
43580
23200
47110
51250
09400
10700
52130
65360
09240
58200
58230
22460
74200
18110
25550
54260
60000
79130
28150
49650
72700
04170
47420
80260
74350
04260
62157
16490
18500
76190
28800
15700
43380
81190
61570
12300
09200
81140
21420
12210
12430
57520
20112
67270
68210
68760
67490
67160
84210
48800
19120
68130
67120
57660
57730
67260
71510
76640
57320
30770
11170
70280
25220
79350
10140
70160
74800
39700
35150
57111
71610
01090
81170
14210
14310
58190
33440
87240
38970
27250
01500
69480
01330
86110
63600
33810
12260
81430
20151
42820
37340
49700
74100
55250
60110
02290
01300
62164
16300
95710
14480
08210
41310
37400
37530
56190
26800
52110
76480
36120
81500
62310
51290
53300
62127
19250
76550
47160
01780
27140
55230
57170
66110
54450
88220
62190
62260
71460
88410
14860
50480
27370
76920
27380
76560
59144
80000
80080
80090
50620
02700
77120
28300
45200
42260
68770
14170
72540
57360
70170
70310
40330
74500
12000
21450
69550
62760
53200
20272
69420
83111
79210
60310
16560
17540
64570
76710
61550
05260
55320
44150
55170
08500
37500
86700
02600
70100
72490
65440
26200
76370
76760
76540
50200
14240
50400
69490
89160
57130
80140
07340
49800
27430
80700
22400
03120
70000
90400
39320
78770
55800
33510
54560
08240
60570
49220
17230
54200
95580
52360
47170
67140
64420
68280
06750
31999
35250
81350
62340
65390
78570
49600
77390
42160
89480
30140
65510
65150
28260
64510
41400
16130
16120
08450
89440
90150
49000
49100
14430
91670
76110
76280
27930
91470
82210
50530
60940
76740
70700
60130
33390
15380
46120
46300
12390
01350
88700
81260
85750
86260
64600
86330
71170
52220
51230
24270
54540
65690
16000
17690
40990
64190
66760
50330
50430
62143
40150
49440
14610
57930
60250
59194
34150
59580
36210
90170
65370
58480
24160
58450
62880
89200
89310
14380
74000
74940
62149
24430
77410
59400
50760
52310
50560
76590
17380
62232
59112
02480
38460
18340
07100
04240
50660
59186
71550
88650
54150
64350
76490
52500
32270
54470
60120
60540
66220
65140
84240
59152
47700
15110
17400
47370
54110
51700
08260
21360
60162
58800
38280
06160
06600
31510
15240
17240
31110
85120
86310
57640
65220
65200
37800
49260
72380
61410
63340
05300
24420
92160
25410
35560
86100
09800
32360
48100
11190
71400
16170
62134
02500
63420
23000
59410
62223
71110
38490
51170
08290
88170
57480
15400
42550
81700
61130
50500
27290
60400
89380
38140
09250
01100
08250
60300
73190
85220
18150
52250
84400
84998
74300
65170
11600
30390
01110
64300
64270
01230
38510
43200
33640
31160
20110
65560
01190
73800
33760
32720
32110
77630
20160
52160
25400
40320
58350
66320
35130
69460
64230
74930
52210
25610
25520
25270
21560
33120
46090
64200
86200
21310
07310
17120
89320
04420
74160
39290
15200
88380
17520
24590
03380
86210
02360
74270
42460
33460
25300
42370
21320
72610
63250
94110
02130
89270
28170
28700
18170
72370
08400
50170
31210
79110
79160
32430
07290
39300
45160
76680
62610
73270
41100
59135
40110
33740
64320
23700
03640
81110
66700
11120
34380
40700
64450
40430
11200
18410
61200
19400
20260
95100
74400
10150
52330
47250
79150
79290
53290
36200
53210
35370
18140
28420
51800
64410
90800
70600
30210
01970
20140
80730
29560
74370
50240
80120
76780
25720
31440
36500
65230
81360
39240
63220
39140
07410
43490
13200
66150
58430
59151
62580
49420
60880
54760
59380
89500
64640
28320
59280
77440
27820
02210
32230
58500
11110
01510
15150
87160
19230
12360
72230
69400
31360
54530
21350
26470
65670
59285
27180
64370
95400
78790
53440
70360
91290
15130
26110
36700
03420
30120
53170
12290
62510
76880
11220
58310
45500
54370
56610
91690
02860
21500
62000
07370
10340
10330
23210
88430
80820
65130
14117
03250
95810
64660
64800
28290
32140
57680
23480
17590
57530
63700
01480
43700
39250
60190
54510
65500
08390
37260
38440
40090
45410
74380
58700
26260
81160
40190
72270
95420
36330
44320
89740
09130
32260
09460
11140
83560
65710
33370
41800
09120
64170
67390
02330
63460
59269
68320
64260
40120
43360
17530
33500
12120
05350
09100
73110
41170
77890
80910
40310
29300
38260
48170
56640
57400
64310
67250
45170
20276
09110
45300
06260
86340
58420
14960
18000
27260
79170
21380
89660
16290
95270
01570
92600
72430
86250
57830
68700
30250
07600
34800
05140
06790
05800
31800
12700
33240
82120
89450
81340
80500
34820
37120
53600
72130
72170
10320
10220
57810
44410
59600
46320
34360
18260
76630
02270
47220
07330
53230
04250
52100
21130
53400
37270
02840
61430
91200
25580
95570
68220
59551
60350
01340
88300
88260
02490
54700
24750
13400
65350
24290
19560
61270
76390
04110
26340
02420
77720
59165
80110
78410
51600
38680
38550
76340
59249
70190
64290
14640
76170
76450
93300
16390
16250
27940
33430
47310
63170
84810
49540
72800
70140
04200
03460
14700
79390
80800
85430
02590
21170
21340
08150
21540
18700
12110
62140
18220
08270
30620
54580
64330
12470
55120
08320
62390
59494
61160
61120
68150
30190
61100
63120
59950
22100
31140
82600
32000
32810
60360
62770
62138
52240
62250
59540
33980
03190
25170
29770
59570
40500
02120
62560
62179
40400
62890
14250
24260
62370
57390
67480
78610
76720
77570
78930
08370
56800
08380
23170
79400
39190
60800
39380
63930
77560
45330
04310
52270
32120
87120
57176
02220
89290
18600
17770
30450
32300
52190
26570
63500
20116
63510
10240
17470
51130
45390
93600
78126
02000
55200
59300
59620
80460
09140
51110
62550
34530
57710
50630
80640
48130
88640
39410
16460
61500
14260
60390
76730
14140
32600
47140
31190
56400
43110
87220
40200
65800
13930
84390
12130
32400
31320
19220
24320
15500
47120
23400
04380
06810
65700
63210
15000
32450
31570
13390
07120
33790
38142
06660
13121
48600
81600
31260
73500
31840
41240
25110
25150
32550
82500
28220
61190
27490
60890
80600
27420
63730
14280
76690
28330
91410
39100
71270
34480
52300
46400
43450
38880
37110
90140
02250
02580
55700
54380
54160
21570
82220
91830
43300
72300
91580
95430
49490
82340
14340
21250
76270
45270
32170
90200
89000
21190
48500
10130
25870
45340
09220
63570
85200
63590
04140
31650
43390
76116
86530
86460
05230
10400
86170
20225
41500
69610
42330
21120
59710
69430
51160
34260
67370
33480
65660
65380
41330
03000
61310
61470
53700
59440
76220
72260
62810
59296
59129
62450
44460
72350
32380
63690
72400
74570
84000
39200
38650
31290
54490
55210
25680
62210
55600
49500
51190
55270
37420
61150
77210
79800
10290
37220
18520
18490
74110
21580
25690
54385
88130
91630
50300
88630
52140
58170
73240
70150
58300
49240
85440
03130
27240
61700
89600
17800
57300
63390
63970
88600
19310
83400
66360
31450
32410
64240
73470
15250
86190
74130
17440
32800
55150
31380
87360
36290
37190
37310
71260
54210
23160
54122
50310
11700
20190
40140
58240
02400
20121
08430
77480
54120
45130
46230
59138
60240
59830
51400
80480
27440
15800
48000
24390
24150
56870
38300
88330
57230
33190
46800
01380
09160
11100
66670
46270
89190
77167
49400
92220
17160
61140
93170
63810
69620
83600
30200
35120
66540
28140
41290
16360
40380
34670
35460
28120
95560
59270
80490
76660
60930
62123
60140
60170
78870
77700
35470
62360
43370
88240
35600
54290
54550
06420
35680
53160
59780
59132
66390
47480
62150
46600
12380
08160
01360
08200
39160
17600
34540
35500
42510
67600
68390
52200
31580
68740
27130
33730
91160
74140
37510
91610
87290
53340
58130
14490
72290
26560
71220
53350
77118
31130
74770
10210
10110
21330
12510
16430
59470
57220
88520
88210
88230
02140
83150
01990
56360
12140
23120
29380
25560
18300
51270
07460
18210
14940
77970
08220
04150
71500
59266
59554
68490
61450
66300
66650
89430
76380
19800
55000
49430
11410
36270
62860
12160
62124
05200
20253
47230
85630
44450
13570
73000
10600
03140
60810
77130
02160
54360
32150
73230
27170
26120
04400
20290
05110
77910
42600
21430
21460
64520
24560
65120
67130
76360
50720
39130
83840
83830
21910
43340
71640
09190
30430
83670
28630
62620
26310
71540
50270
27310
76260
33750
71120
14620
32350
38530
81320
48400
04330
20228
69440
37350
33720
57450
25420
68870
27230
61170
64530
02170
02850
38290
43210
63310
32190
54620
44115
57110
44610
57570
88120
14670
33530
77750
19430
24330
59111
57260
02380
57113
89400
32320
51300
74910
20119
20129
40360
20200
20600
13821
23260
54980
45420
25640
25380
81390
44740
67500
56150
71800
50000
55260
36110
50250
71370
49150
18800
60113
91590
35580
39210
49140
33880
59221
41250
59670
62158
31310
52170
88150
10310
62910
03500
33710
64100
54890
80170
16210
78550
60380
17490
08140
78580
47130
65460
60700
61210
78490
61560
45210
85130
85390
35630
72200
59360
65250
58160
76440
77183
27190
30300
80430
59134
35133
95250
50320
80770
07800
28270
52260
61800
50420
90500
49070
60210
59530
72110
50150
27480
31370
38270
59330
49250
85170
47290
17620
45190
60640
04390
14350
15270
25350
34160
36310
38470
43800
37600
79300
79420
49750
45630
06310
53320
16450
03230
32160
46240
84190
84220
62960
07110
19390
24440
32100
63110
86490
89250
84120
84340
14950
37360
76850
26760
26600
72500
58270
72340
71240
31870
95260
51360
37460
21200
73140
03390
87280
43500
01270
24400
31850
47200
59730
62990
46260
24120
24140
63116
85500
71580
59550
59740
26240
06240
24340
76870
49410
76890
44120
61600
81630
80630
04370
47470
89630
89240
38160
85230
79360
62130
59157
26170
30640
43590
31700
68980
32730
35190
92400
49370
62240
34600
84370
18370
35137
09230
17210
84410
46100
18320
22300
33340
22140
33130
29170
65190
49122
03800
33410
80870
64700
78910
57460
49170
56380
72160
51490
67930
23570
49520
36370
76240
11340
13720
09300
66720
31540
70290
25470
90000
83210
20226
40410
28240
33830
87300
61360
22810
57800
19290
89210
39310
21490
39400
50520
88370
30127
42210
23190
31530
01200
03330
55100
03700
42670
81540
31480
80160
74470
54940
69220
18240
55430
43350
10410
01130
01810
44370
62490
77510
61220
61110
60490
80310
38690
70270
46130
01260
12370
88800
73330
11420
40300
50210
51330
51480
06450
70400
24170
33350
82150
30580
11500
25430
56550
27160
37140
86470
02440
19510
06390
68480
14910
40180
40230
16350
85490
21290
05500
67230
62410
78270
68630
68126
29950
50340
17170
01470
14970
76790
40280
01370
14440
89410
64440
43160
10190
28560
62600
61340
27110
72320
24100
51210
71250
68750
68500
40250
02450
62330
50810
59145
57370
59213
51220
81150
67210
27300
72240
17330
77540
56240
95340
16480
17460
80620
76210
14410
14990
27700
38190
67170
89360
27660
32700
13130
11090
56230
86120
29690
51420
87370
59235
80850
60370
86420
27630
12310
63480
54480
57310
59980
89700
27520
27210
57550
71960
07580
63122
25000
44290
50800
70230
44160
50390
02870
34550
95550
73480
07150
85320
03340
15140
24550
63610
72310
83890
30160
69690
82170
09500
42520
31660
79000
87250
90160
46210
12500
10170
46110
40240
32420
23270
60129
95840
80190
51450
60320
25200
62400
10500
77320
70120
67660
54640
88450
80590
80610
68560
35830
73390
59216
89570
06470
17250
14100
59192
58210
62660
29790
50360
59217
21220
01290
71620
40370
04270
78650
01700
65410
57630
51430
06510
26460
03170
32130
34500
32310
95870
30320
02310
62118
86580
40390
40170
47300
67360
64780
07700
25190
39150
55290
52410
60200
54300
62111
89420
76750
67720
33210
56330
56310
50160
14112
14270
91570
33380
56500
51340
86800
18190
20252
20620
76420
79100
20100
38850
28190
64140
73170
56420
63160
03260
41130
62420
68250
21270
22520
63640
50140
06410
82800
24310
67440
24540
40600
40115
67800
67340
67870
67240
68580
20166
20235
21520
71390
70240
67350
68620
13120
38330
61290
60650
67113
08110
44130
60460
14550
62173
49320
31350
48320
59920
59154
25120
38730
53270
77115
62270
14130
80440
33290
47500
16320
63112
86400
71450
59173
46330
33540
23140
06440
84570
81400
89230
62575
89220
77940
54113
37150
62231
35750
33670
21690
18350
60860
67650
57200
21440
58120
41000
76460
63440
68730
49160
74150
01150
93000
20136
29400
47550
74420
67530
59299
59189
89770
74250
08120
63750
56140
29820
01250
91720
45760
78200
62128
62156
62175
27330
92270
39220
78390
76160
85710
39230
31390
38090
76230
27620
27220
77590
62500
27150
95000
35360
58150
80230
45290
17700
15600
34220
42560
77350
81490
30114
46150
77310
60440
95650
77169
91870
28340
91790
94470
29640
84500
68540
01450
66210
67150
66430
47240
58330
53960
02350
25230
31340
91070
59910
93140
22110
20169
60510
26160
87270
23220
45460
19170
78830
35270
86300
25210
95500
60123
94380
26410
25620
80670
24230
14800
60112
84480
44540
65330
31590
31470
74890
14420
61380
06830
73460
33910
55160
67860
76520
22170
12270
60820
23230
33000
33100
33200
33300
33800
33998
33900
40270
65590
65320
17430
17270
83230
39570
07590
90100
59190
63190
19110
27270
17360
71330
87110
27670
37290
37240
67330
24130
08350
03300
29650
49110
45430
44830
13320
64340
03150
53800
49080
26790
80830
51310
07270
82200
44260
72390
16410
85600
41270
80124
78380
28130
44340
80220
30230
85420
51390
34760
25160
10380
45140
53370
13150
66130
77580
33270
55240
31620
82110
85140
92100
62200
72440
08410
95720
10270
91850
68290
21610
03160
71140
59630
22390
17560
73370
86410
67420
86390
42220
29860
16200
69240
82190
35890
01000
08230
92340
63760
26500
90110
01800
73700
52150
35230
68300
17220
49290
44580
53410
47410
14540
71630
33113
47210
85480
15320
47320
82700
77780
24110
32370
22130
80130
62147
62132
60141
27580
68200
59166
59222
59178
23600
57120
44190
21260
59168
91800
81660
60590
16100
77470
28410
91820
88530
80117
51140
26190
38390
78280
59870
62172
91880
54136
54930
63910
71150
24250
34140
49530
55190
35330
80540
55500
17190
71700
01640
12640
73350
12340
50870
30260
71430
07140
35660
72550
11150
19500
89113
56700
56390
20222
71520
12350
89150
33420
30110
77620
83149
12550
29190
58140
52290
33820
31490
59123
14190
80580
80340
02880
37330
21470
35310
95640
51320
62117
35530
53120
50370
88350
28210
53150
54190
50290
56580
22510
37130
57720
06540
68380
29810
85470
34650
60870
38870
82710
38320
29200
29240
27350
90130
45250
35160
52000
79140
53110
91220
72250
68780
16240
50110
14740
14680
14760
58460
80400
17870
24380
17920
91650
27640
67112
50260
41160
78980
58530
10450
16370
25240
05190
11270
38590
15230
05100
06850
36400
45310
73570
09700
16590
77170
29510
71290
42720
63820
56430
69530
29890
83170
86290
16420
91640
54280
18120
69126
68720
49125
01460
71190
86160
41370
49330
19100
36100
72150
50700
55140
40420
25600
12600
63230
69500
57159
22250
35220
12480
28160
77177
17320
57116
66620
63490
81440
11390
03110
57119
83440
62700
59860
35550
14160
83119
68440
78440
33520
47260
32500
51530
31150
59490
59199
05150
61390
02810
28400
04210
86510
91680
95820
35170
94360
50640
78530
10800
57420
27730
37370
01310
22710
67470
68530
95770
62870
02620
84110
87460
22160
58400
63350
14320
69210
62151
91440
87800
81100
68520
07450
59137
62350
81300
24350
17100
88540
63270
24360
03270
87330
23320
87230
87320
63330
80135
18130
77600
67430
86180
36230
52320
03440
12150
92500
64680
33650
12800
11510
13440
83340
66330
14390
11160
13480
06530
94230
80380
33140
32220
25290
56220
13530
84160
84860
13950
46160
14000
27000
81130
06800
62182
59161
14630
80330
46000
47330
31560
69270
84290
30132
62100
20111
66600
20214
46350
47600
13008
66400
12400
12450
42240
47430
62470
69300
46190
24370
15340
30420
09290
84850
29570
33360
34330
81580
60290
50570
62176
22450
56130
80450
12560
09350
11260
14500
20229
44750
59133
65300
20142
66500
12460
66730
30750
33660
82370
12580
83240
20217
35260
14230
80750
41120
34130
33610
66140
22480
50750
83998
60680
06150
06400
66680
59267
06340
49460
24530
59169
12420
50580
06320
33970
40130
31410
34310
33550
59160
33220
59242
59180
33840
29660
81570
20170
33560
20133
33121
11000
83570
56910
20130
20164
29270
57490
62830
56340
77400
06190
34280
83660
13470
50740
84330
22430
84200
13968
14650
44470
83320
78600
78955
78420
13500
61320
13620
24200
24610
30130
59244
14330
62220
20237
20215
20250
84750
46700
47440
47340
13260
44390
29150
06670
12240
82160
34610
66820
82100
31780
04120
06500
20213
04320
31180
32440
34120
09420
34170
46170
12620
31430
11400
82400
32340
40260
32240
20218
32490
20236
02680
81090
32200
56850
76320
11230
33490
59191
22350
84510
79190
11250
22530
20117
82300
34490
06460
65110
33690
60730
14770
76930
34720
84300
83980
11570
30820
33620
30330
80720
80410
82440
43510
82240
15290
46250
82140
33260
33164
34460
31220
34270
34370
61330
50220
63118
01430
05600
63520
54134
41360
86600
16260
15170
16230
42320
63200
52600
77930
30480
33150
20238
69840
45120
72330
66290
45520
58340
45620
37390
50510
04280
59680
95800
03350
01630
14290
86140
78720
45360
49310
34420
39330
01240
74550
42440
54420
20221
38110
77240
35510
77520
01170
58220
61260
73730
13600
85410
16150
05400
86380
19350
63320
43770
17139
42800
79500
87200
53420
85310
17890
45260
57365
45380
71570
77460
01320
50540
77171
77160
24800
07240
77144
54230
85300
58000
77650
42920
91780
71100
71530
38122
53470
51000
51520
51900
91740
63400
91730
26230
42110
03370
19370
89120
43410
42170
60230
41190
63790
23110
23240
87140
30530
69870
69770
19450
37170
63580
51500
19330
77260
17130
61240
38560
49380
15350
19320
87150
43440
71480
72470
69410
95660
77430
38800
05310
43430
91750
79220
21210
53640
01410
89350
54250
51370
89370
94500
36160
20264
89300
87400
42430
02670
24470
77420
04660
49123
49270
89710
38410
48230
19150
43170
63530
01420
73310
37210
24650
01590
61300
07230
42190
01120
53810
72560
77660
42310
17610
63450
05700
01400
45400
45320
79340
79320
49340
38740
35135
24190
77500
15190
60500
85110
88000
41600
54330
19300
78130
69970
69630
10260
63720
38790
71320
69260
63410
53250
39260
70130
89580
94220
21140
13350
08000
69390
88460
71710
63290
71850
08600
26450
18290
25140
16380
95750
28000
35131
19600
38230
85400
43320
43230
69700
39360
28480
38670
03510
36800
86360
48250
69680
71130
48300
89560
63680
04160
87380
85100
86350
13013
59230
72510
70440
86370
35400
08360
03320
77370
07130
44110
83300
28200
78117
63119
35410
71740
35430
84470
26330
29520
84230
06740
87130
13790
13220
45110
13160
45220
05380
36000
44690
05000
41110
25840
74390
57160
17340
63140
42940
03220
42140
23430
38980
95190
92290
77126
67730
90700
71880
92320
35210
77820
26750
53510
78400
10510
77610
41320
77124
48140
35113
61230
41150
88390
79180
63117
26510
35490
90330
85250
23250
42410
74650
78450
01660
92370
49860
36170
74190
44640
77490
35640
44680
41700
49120
07300
72210
49640
59147
24410
79120
71340
49350
23130
43190
86450
74520
54720
51510
95380
94430
21300
71940
50100
50115
87600
89690
16310
79410
84460
74210
78510
21600
21800
10120
45700
94550
60150
90340
78460
50600
60710
77173
77710
18160
02570
38930
57070
91380
19440
42114
07380
69115
60138
89530
17510
21820
62920
74330
60750
94600
49280
49300
38220
38121
24640
03450
39370
38200
20134
64500
76570
87520
06620
60660
52370
36300
71420
33250
63740
77730
86320
33920
01390
66530
23500
78120
02260
12330
16440
38640
92140
26130
34830
30870
62129
59225
08460
35590
14570
29233
56620
56480
76410
49560
10390
63000
63100
63900
31810
47270
45370
92110
93390
67510
26270
44350
29360
36340
22970
80510
30920
35134
22210
16109
87310
38350
73160
20123
69640
83310
73400
22800
78310
88100
36130
69590
60420
26420
73670
47450
77090
89100
76400
14880
22330
66190
83610
71360
01550
69660
29530
68000
30460
14460
92700
03600
25260
07430
69124
34390
34440
61250
31770
23800
88490
34980
81640
34240
80360
45800
61400
74920
63380
42840
45530
29120
77380
59560
29450
42120
40210
14520
69360
77290
89140
12100
26220
20135
29900
46310
19140
24570
87920
80890
77450
59163
14110
50890
26740
78700
72120
30111
12170
12320
30170
54870
25390
80920
53100
62126
29370
20256
69960
62112
91100
45490
38630
04220
21160
44650
38710
42123
44360
74700
38700
22320
95240
95830
14123
37320
62630
51350
66550
30630
13250
88310
12540
49690
20168
38250
44560
19360
03430
54400
14690
20138
42360
33890
12190
38500
93470
71490
07470
59210
63114
13111
44220
44521
19340
81800
77860
72190
03470
58640
45720
77840
79510
16330
79330
24660
50670
91490
30000
89260
62970
59552
73120
91080
27320
79440
17420
49390
41230
56200
63800
34660
32330
62710
47360
33580
24520
69470
06140
14470
10250
01560
84350
51460
77181
87500
86270
66260
77154
50690
60580
20148
56950
74960
10100
69290
38210
46360
90300
17260
59279
22950
50710
71680
57690
60100
69140
26350
78121
03240
78114
71760
73590
94000
57150
59258
35320
02650
14113
14450
76910
76111
27340
72140
20126
78290
59170
59181
56920
42540
07510
91560
37380
28520
86240
60530
41220
29160
07350
04230
54680
30360
19520
62780
11350
89116
83390
85610
13780
31270
60850
53540
59553
77165
18270
24240
10360
12410
59990
85540
15430
54670
39170
14840
11590
36190
57850
67770
63111
67110
56750
81220
02470
28360
77190
77230
78111
77163
71310
45570
18310
76510
28350
25450
86220
27720
57820
62187
29460
07170
69570
80570
77140
45150
04300
78810
40100
59187
69150
46340
59127
25960
74120
59220
81120
49190
44590
07570
03630
53190
95170
59890
07320
08800
76250
57980
76200
57890
62460
28250
71160
21000
21900
35800
35440
74230
87210
67190
03490
36260
86130
57134
10370
01220
42740
22270
17550
38420
03410
54119
54130
88200
95330
80980
87190
03290
01140
07260
25510
59272
44480
52800
45450
33860
50350
19270
26290
63300
45680
59500
58390
67117
29100
59282
73630
72590
35450
62119
77139
59750
89130
83898
93700
91210
44530
28100
28230
62131
01160
73420
67410
69850
93440
74410
43220
07360
59140
59240
59640
03310
82390
63830
95600
31600
57190
70250
59176
61440
91540
61370
10350
68160
38130
77830
67700
67201
67550
25480
72220
95440
78920
76970
36240
77250
71210
69130
16220
17810
59114
66120
63850
63840
91520
13510
68420
78990
76500
62300
60157
88510
56250
78125
77184
59320
67710
95880
38360
62145
95300
18380
68190
13820
84320
58410
53260
57330
38380
13118
04700
67960
79270
80740
25800
51200
67680
91860
91360
93800
18360
26210
78680
76133
76430
27560
50120
62224
95610
35620
35340
80930
57136
67290
56410
29500
60950
95120
53500
57510
59193
66800
59171
20275
31750
59124
59278
67114
68140
64870
81290
14850
81530
17137
90850
73540
74560
54830
54270
02690
02100
48700
66310
59940
40290
19410
91660
38780
22680
17750
14930
89510
91450
88480
02510
59219
59295
25460
54690
60330
78740
83330
77157
90350
62141
22630
56490
91000
77166
13810
13430
24700
24500
26730
13630
33320
95460
06360
27530
34690
59155
06950
38070
85670
57290
77515
47400
23340
36360
77220
63630
85240
59247
67640
20234
68640
68470
59179
79450
23100
08170
44660
88360
77133
50840
01210
63620
77150
59610
77164
50190
60960
57210
69320
20114
24450
42700
71000
21640
54630
02520
83780
16730
59128
24580
62840
69820
11560
91700
54710
59158
59148
80420
34510
57600
78520
39520
39460
37230
30730
25660
38600
84800
14790
27470
76290
27550
73600
10280
77300
38120
61420
92260
27510
78330
94120
02540
89520
54840
34320
49590
36220
36600
11310
57650
13990
83136
59510
67580
80790
59430
13270
95470
54570
35300
70220
05130
47510
62740
38080
17450
25370
32250
58600
42470
78112
58250
34700
20143
42490
48220
80131
69340
02760
79260
95130
33570
25770
20157
36180
22240
15310
68240
59236
78840
95740
94260
59970
80710
60127
02230
59234
88160
23450
80390
91140
73250
62185
59273
80940
88440
57250
85550
33126
34110
54390
95690
43250
14590
13710
40350
48110
35290
93220
74240
78250
76700
20245
68990
12220
33133
30660
30600
78950
67760
57175
78890
57100
92380
24680
27780
93190
95140
29610
30128
83580
40160
48150
02430
22150
32390
47150
50450
56680
71133
68690
68510
67400
64110
13420
69740
69730
39350
82230
30510
03400
92230
16270
23350
94250
50850
88400
71590
58320
08440
63360
08700
56530
35850
20227
59254
14730
38610
91190
34770
13180
25650
58470
82330
54780
88340
20251
85800
58370
57620
88190
22230
91400
91940
22290
91430
38570
60117
57142
83590
59231
14810
14510
54730
62199
35140
77114
22570
29850
71690
56110
22200
29710
93460
40465
60270
62530
31120
34790
33170
44520
25570
76530
59153
35390
83740
44119
59760
63890
48260
90600
10300
01580
07500
13450
06130
06520
80680
59820
13690
33590
13850
31330
38540
38000
38100
38900
38998
68960
04800
76810
77880
69520
91350
84600
56590
95410
01680
85580
11430
74480
56120
68970
56160
29180
57470
57880
59287
68116
29410
56520
45600
29730
29620
29490
29290
35480
56560
29249
20153
33470
57350
68650
62940
62570
59250
64480
57910
50730
67980
80134
59496
62152
62440
57870
59198
67690
54860
59121
59294
95780
71600
73620
26390
50590
76113
59255
57700
57430
54180
80113
55220
59260
22600
22550
62110
60119
76840
29670
95220
44810
77850
59195
57790
63470
14200
67850
54440
89550
62196
27860
80122
54430
76940
38118
22120
68118
59143
67810
02720
54310
59122
68180
65310
33125
78800
59263
59116
76770
33990
33162
53360
68125
59492
38750
41350
57990
68330
71870
54590
65420
56780
17123
56840
56170
29242
29253
22870
29990
22560
29259
68110
50550
29980
27770
59480
76117
44620
68040
67880
56650
69540
58290
87170
07660
92130
13800
13128
91760
27540
60173
94200
59141
33450
95850
49510
91510
85520
88550
54140
04850
54114
59460
63990
54240
94340
69330
84450
34725
84150
42660
87890
77640
78760
49670
37300
44440
86500
13490
78350
95280
71440
44670
49610
65290
50610
24630
15120
57245
34990
53380
91260
78820
68230
68680
22610
22580
29350
22500
56300
56510
22740
56540
29140
29260
56100
22410
67750
67840
68260
67520
57240
68820
79240
85460
13123
66480
38860
22620
30290
05120
42300
17680
61350
85740
30570
13016
30124
78620
42580
94240
85260
85570
82130
42152
12230
09390
53970
85770
85340
85350
93450
95290
16340
86150
31240
13330
12200
12490
73360
44500
74430
35420
13360
44760
44430
79310
63150
88470
17840
04340
88250
78860
73520
06430
85530
78170
58440
77670
73130
73660
85150
53950
56460
72410
59930
43120
35520
60520
44330
79700
87440
27950
79430
18570
44240
71470
85210
63660
41260
25500
17480
44118
67570
22700
74220
06480
71990
04530
42111
17310
17670
93120
16400
62136
27750
83260
83420
13112
13580
85280
27760
41210
41300
02460
45240
85700
17630
29800
23360
29940
79380
42480
11370
35111
95530
38520
83130
26700
83680
92250
06610
13170
77690
50470
59253
35350
27390
05320
85680
50410
87340
22980
44310
83250
12740
58260
54410
59110
83270
76150
78300
48210
22640
50860
44270
36630
57140
50880
22440
63650
83920
38770
73290
69350
06210
59239
60790
27890
51100
17000
53140
53220
36350
49360
93210
44770
49620
66230
94510
78940
73490
49450
42150
35780
37520
10440
74440
44522
63670
24490
21530
85000
77000
49740
32480
50490
13640
06550
53390
13240
05240
12440
31880
43140
02150
59174
83500
38840
45100
45900
23300
42350
38660
06710
69890
11380
85360
17390
56710
56470
42830
44420
34520
13011
83160
42131
94210
78320
22690
37700
91620
22590
67610
68910
31860
81270
31670
40530
62122
62113
73320
33680
81230
46200
81330
90360
60610
81210
21550
07520
46220
62159
17140
19700
82250
64990
45740
25820
48120
59167
82360
13113
21760
19160
59130
13410
60260
84840
29830
67450
22860
22770
13680
56690
87100
54970
29840
56600
30980
56630
22490
14830
22360
56440
35720
29430
59390
21370
33138
33148
43260
22420
56320
11480
19550
56260
07220
54950
66740
64560
19130
15590
34970
57114
84360
68610
67630
53000
77148
15260
89170
13117
34880
54520
47390
57050
66420
33114
13114
07630
85560
93150
17580
66160
85510
49780
93350
33110
71670
63880
83140
30740
06110
33950
44850
42500
43400
78150
44210
48160
23460
29217
44630
34920
71200
44490
80550
13740
29580
81450
06220
16160
74450
76120
26530
17370
30240
38450
33185
76600
76610
76620
56450
32460
94270
85370
49710
19470
72000
72100
30960
77990
35870
05220
63240
22340
83490
87410
47520
77340
78230
94170
76140
13122
49124
92350
94420
38480
84130
78560
62480
44510
07250
83220
93310
13610
80118
22470
22540
93340
29480
74950
83200
35650
06650
07560
05160
66270
35240
84250
62520
56370
76580
76470
35540
83143
91530
77123
27100
33123
63710
78110
35960
20137
59226
59259
59115
59495
62790
86230
68800
63370
07610
42155
33850
40550
27690
73550
63770
30133
19000
83460
62730
79250
13009
13520
94370
78340
74170
38138
85590
78690
24620
71230
74260
76950
25790
48340
27910
74310
83380
73870
93260
25700
63430
17570
04190
73440
13290
10420
77134
93320
26250
30340
30122
49130
17880
38370
22190
44840
68410
13012
43600
74320
29740
81380
34710
59810
29390
91310
92300
09210
62820
68660
77127
62800
89144
59000
59800
59998
59900
94450
24510
87000
87900
77550
69760
04870
67380
59126
14780
30126
81310
91090
29280
56740
56570
29241
29750
29310
25930
59182
68124
77185
30610
22780
62218
17111
72450
56270
59840
57740
54810
76860
60126
62219
78730
39000
59120
62750
29590
29470
20139
20165
42420
41200
83510
56998
84870
33310
59156
45470
78430
14111
59720
27650
91120
62540
19210
14530
28110
58380
40630
28600
34400
18400
26620
57144
68460
70301
13080
77138
69000
69998
69900
69125
20248
15210
16600
79460
54129
13910
10230
77950
59233
94700
42750
92240
57860
48270
04350
13370
68550
54220
54790
94520
30129
04100
27680
54820
01851
27810
59159
15220
91460
59700
59252
69280
78750
78124
59238
77100
60280
20141
13700
74970
57157
59770
95670
78160
74460
92430
94440
59164
59520
59274
16570
63940
34340
13001
13998
13900
34590
78540
74730
33127
13103
13104
59241
38620
01600
91300
59172
14920
84660
78780
66460
20259
35380
54320
77145
72360
84380
09270
43520
62670
38112
80810
78670
74490
41140
57960
63560
84560
80520
27850
18510
02630
95180
54960
54850
20287
62680
95630
33700
23420
05170
62155
80350
59660
18100
95540
17132
29420
40660
69510
57000
57998
57940
56890
92190
92360
54135
68890
38240
30840
30410
13650
13590
63115
78970
90120
86550
86440
30540
66170
78470
13105
44250
22220
69780
06590
13140
44780
67206
01280
17780
38430
58490
80760
13940
67670
20171
51470
59224
59283
47380
14120
84430
07690
89470
91930
59370
59246
69860
74810
54111
02390
40000
40490
76130
54350
04730
74600
82270
64121
34570
60160
82000
34560
37250
16620
38890
71300
77151
78360
84170
38940
30150
49230
43290
84140
93370
83131
04600
30490
09330
35760
91230
25111
77122
62640
78180
95370
57158
49570
95680
03100
95360
95160
44550
57117
34000
34070
34080
34090
34900
59227
93100
60134
73530
92120
49730
78630
91420
54920
84310
29600
17113
84550
91390
91250
68790
85290
60128
12720
06370
85640
06250
13280
06380
18390
13890
26540
57770
04360
25920
54660
59420
02610
54118
88420
68100
20219
20239
30121
66340
18330
54000
54100
54900
77176
83860
92000
44000
44100
44200
44300
44900
19460
81710
27830
78640
95590
49680
93360
93330
92200
42590
59218
59960
59293
45510
29920
06000
06100
06200
06300
67280
67207
59850
87510
36250
30998
42640
89760
62290
72580
94130
60180
85330
77186
93160
78590
93130
76330
76960
85690
85270
38144
22380
80860
20211
13550
62950
59139
62980
62221
80133
67205
67203
50130
68830
67970
67590
62590
76350
77178
20232
83470
83190
20273
20113
40440
12850
59264
63540
84580
84100
68370
63870
13660
02550
45000
94310
94490
60560
66560
20125
44700
20147
68570
95520
67990
59162
67540
20150
77280
57840
14150
69600
65490
62230
62215
77330
35740
38137
66690
34250
63550
42890
87350
93500
91550
75800
75001
75900
75919
92030
92031
92032
92033
92034
92035
92036
92037
92038
92039
92040
92041
92042
92043
92044
92045
92046
92047
92048
92049
92050
92051
92052
92053
92054
92055
92056
92057
92058
92059
92060
92061
92062
92063
92064
92065
92066
92067
92068
92069
92070
92071
92072
92073
92074
92075
92076
92077
92078
92079
92080
92081
92082
92083
92084
92085
92086
92087
92088
92089
92090
92091
92092
92093
92094
92095
92096
92097
92098
92099
92800
92901
92902
92903
92904
92905
92906
92907
92908
92909
92970
92971
92972
92973
92974
92975
92976
92977
92978
92979
92980
92981
92982
92983
92984
92985
92986
92987
92988
92989
75055
75056
75057
75058
75059
75100
75195
75196
75197
75198
75199
95620
13730
64000
59146
06580
49112
56760
29760
11610
17180
24000
34470
01960
66000
66100
01540
63920
33600
76650
57540
13124
87470
11440
26380
13860
65270
77131
66370
68120
66380
20115
20131
31820
63113
69310
87260
38119
93380
95480
04860
20233
20242
20258
89330
83790
34850
84420
50770
95350
59284
27590
22940
31830
78370
83640
13750
13380
83120
22960
35610
22370
22720
22650
22310
35730
67115
56880
29550
22260
29700
29720
22830
29252
29440
29630
29250
22820
29880
29780
56770
56930
86000
86900
66450
69560
34810
21630
38340
54340
29930
30440
62162
80840
80115
44400
43330
44860
27360
77135
44380
13110
17730
11210
56290
13230
44710
66660
11490
27740
25115
29246
83910
43420
34730
42630
73710
54116
74780
58360
59288
59185
80121
83480
17138
04410
34620
30131
68840
05290
13540
33115
38950
59243
73720
20122
50460
63780
59214
29000
69650
91480
04480
59177
60155
59590
83350
31520
83820
87640
90370
59245
57444
67116
68950
35000
35200
35700
35998
35900
35910
01620
01750
60153
43130
62720
31250
60410
56670
30720
57270
29340
68400
59277
04500
87570
42153
68340
91130
42340
17940
80136
68170
84440
42230
17300
17134
17133
30650
17135
85620
42100
68590
20247
13340
13840
13870
95707
95700
77680
93230
26100
27610
59790
59223
59286
90380
83520
13830
11540
06330
12250
27790
29680
67560
10430
93110
78710
57780
14980
59100
76000
76100
76900
86480
59131
17200
63130
42810
68270
59281
94150
20118
33141
87720
80970
59262
59184
62114
17136
13460
33160
66280
83690
04290
13129
62430
14121
33770
13300
13661
74340
77920
20246
83110
74790
45640
40460
95110
21590
59211
71410
45770
95200
20145
57115
84260
65600
78500
69580
88580
54650
01790
88290
30125
13960
44880
42990
34410
72460
91600
92330
67300
59113
40510
04460
13560
56860
02410
02790
87620
84830
20127
05330
34200
93270
92310
38170
38180
11130
83870
13109
59450
74740
77111
95230
91840
20223
06560
42290
20152
84700
20146
76300
65430
67460
67620
33780
68360
16800
29540
89340
07790
13670
06730
59350
48240
30940
44117
21850
59188
50111
50380
14750
38960
37550
57500
83370
86280
27450
35114
45730
38720
80960
69720
22000
13760
30900
06780
42400
30380
33330
61490
69930
92210
60149
66750
69450
42132
45590
78210
37540
93200
17650
53430
45550
45560
69370
18230
33180
66240
42000
23290
82410
76800
27920
48330
69190
43550
42530
69230
34680
17110
69830
53480
27710
48370
78100
91180
56730
30800
40560
95210
42570
44800
30560
47490
59292
66510
35136
22750
42650
56660
06230
85160
34430
30270
45650
06640
44720
31790
38134
42136
87590
43240
66250
69670
06700
33112
80780
12780
60340
95320
94160
83430
44600
42122
26320
42680
72680
71118
42620
38400
13310
84760
17410
30520
94100
94410
88560
60740
16720
02830
16470
44730
91240
13920
93400
95310
43620
06570
38760
13115
85660
38830
91280
61790
69800
42270
87480
57124
95390
45750
78190
80880
13210
28380
42610
84490
59880
63950
13119
44230
02640
81370
91910
49480
37200
34630
83990
87420
91770
16710
68850
93240
76310
68127
19490
69110
73640
44980
20144
76119
25113
66470
57118
17740
25630
67790
67000
67100
67200
67900
67920
92150
42450
57525
21240
33400
65000
40220
69160
20163
95150
59175
57180
59229
94320
55840
80126
54880
78850
01710
77810
35235
77156
86540
80123
77200
49660
66440
83000
83100
83800
66350
31000
31100
31200
31300
31400
31500
31998
31900
59200
31170
08540
06690
37000
37100
73790
28390
83720
22730
29970
29910
22660
93290
51380
54750
44570
59125
55310
14360
10000
68121
64122
77360
73150
94460
26000
54910
73450
74660
95760
34350
43750
54121
54500
56000
92170
05560
38141
92420
77141
93410
69120
95490
13126
17640
33870
84270
13880
78140
78129
84740
20231
34740
33930
13770
69200
14114
30310
59237
35770
13116
60550
78480
87430
09340
27200
20172
91370
78000
91810
91710
16510
27870
76980
38113
63960
35132
34450
83550
91890
44116
59271
59232
40480
59690
80650
91270
05480
42390
92410
20279
89720
36320
94800
84530
66410
93250
11620
04180
59491
59493
59650
66180
92390
66610
77174
94290
30400
34750
60175
06270
94190
77270
93420
80112
59297
25130
54600
59142
93430
69100
69910
94350
94300
42780
01440
78220
74580
91170
84820
54123
13127
94400
78960
04130
08330
77870
59261
59118
59290
59150
59136
59119
59117
68920
59212
62930
91320
68310
67820
57137
67202
57145
54990
91330
22930
72530
20173
20132
20124
